00000000000000000000000000000000000000000
00000000000000000000000000000000000000000
00000000000321333320000000000000000000000
00000000003000000001333330000000000000000
00000000000333333330000003000000000000000
00000000000000000000000033330000000000000
00000000000000000000000030033333000000000
00000000000000000000000033330000000000000
00000000000321333330000001000000000000000
00000000003000000003333320000000000000000
00000000000331233330000000000000000000000
00000000000000000000000000000000000000000
00000000000000000000000000000000000000000
